0	0.000000
1	2.000000
2	3.000000
3	3.245112
4	4.000000
5	3.390360
6	3.490225
7	3.348516
8	4.000000
9	2.470675
10	1.780719
11	0.946252
12	0.980450
13	-0.105716
14	-0.302969
15	-0.603359
16	0.000000
17	-2.486868
18	-4.058650
19	-5.710623
20	-6.438562
21	-8.238666
22	-9.107496
23	-10.041925
24	-10.039100
25	-12.096405
26	-13.211433
27	-14.381963
28	-14.605938
29	-15.881449
30	-16.206718
31	-16.580086
32	-16.000000
33	-19.465006
34	-21.973737
35	-24.524906
36	-26.117300
37	-28.749775
38	-30.421246
39	-32.130687
40	-32.877124
41	-35.659632
42	-37.477332
43	-39.329384
44	-40.214991
45	-42.133389
46	-43.083850
47	-44.065676
48	-44.078200
49	-47.120782
50	-49.192809
51	-51.293692
52	-52.422865
53	-54.579784
54	-55.763925
55	-56.974784
56	-57.211876
57	-59.474731
58	-60.762898
59	-62.075940
60	-62.413436
61	-63.774978
62	-64.160171
63	-64.568635
64	-64.000000
65	-68.453908
66	-71.930012
67	-75.427976
68	-77.947473
69	-81.488188
70	-84.049811
71	-86.632045
72	-88.234600
73	-91.857193
74	-94.499549
75	-97.161402
76	-98.842491
77	-101.542564
78	-103.261373
79	-104.998679
80	-105.754248
81	-109.527850
82	-112.319264
83	-115.128273
84	-116.954664
85	-119.798230
86	-121.658769
87	-123.536084
88	-124.429982
89	-127.340275
90	-129.266779
91	-131.209312
92	-132.167700
93	-134.141769
94	-135.131352
95	-136.136283
96	-136.156400
97	-140.191546
98	-143.241565
99	-146.306305
100	-148.385619
101	-151.479360
102	-153.587385
103	-155.709554
104	-156.845731
105	-159.995779
106	-162.159568
107	-164.336968
108	-165.527850
109	-167.732091
110	-168.949568
111	-170.180161
112	-170.423751
113	-173.680223
114	-175.949462
115	-178.231356
116	-179.525795
117	-181.832672
118	-183.151880
119	-184.483314
120	-184.826871
121	-187.182452
122	-188.549955
123	-189.929284
124	-190.320342
125	-191.723036
126	-192.137270
127	-192.562955
128	-192.000000
129	-197.448316
130	-201.907816
131	-206.378413
132	-209.860024
133	-214.352564
134	-217.855952
135	-221.370106
136	-223.894946
137	-228.430395
138	-231.976375
139	-235.532809
140	-238.099622
141	-241.676741
142	-244.264091
143	-246.861601
144	-248.469200
145	-253.086818
146	-256.714386
147	-260.351835
148	-262.999098
149	-266.656110
150	-269.322804
151	-271.999116
152	-273.684982
153	-277.380340
154	-280.085127
155	-282.799283
156	-284.522746
157	-287.255458
158	-288.997358
159	-290.748390
160	-291.508495
161	-296.277617
162	-300.055700
163	-303.842689
164	-306.638529
165	-310.443165
166	-313.256546
167	-316.078617
168	-317.909327
169	-321.748625
170	-324.596459
171	-327.452780
172	-329.317538
173	-332.190683
174	-334.072168
175	-335.961945
176	-336.859965
177	-340.766182
178	-343.680551
179	-346.603024
180	-348.533557
181	-351.472106
182	-353.418625
183	-355.373070
184	-356.335400
185	-359.305570
186	-361.283539
187	-363.269264
188	-364.262704
189	-366.263818
190	-367.272566
191	-368.288906
192	-368.312800
193	-373.344208
194	-377.383091
195	-381.429411
196	-384.483129
197	-388.544208
198	-391.612611
199	-394.688299
200	-396.771238
201	-400.861390
202	-403.958720
203	-407.063191
204	-409.174770
205	-412.293420
206	-414.419109
207	-416.551800
208	-417.691461
209	-421.838059
210	-424.991559
211	-428.151929
212	-430.319136
213	-433.493149
214	-435.673935
215	-437.861463
216	-439.055700
217	-442.256617
218	-444.464183
219	-446.678366
220	-447.899137
221	-450.126466
222	-451.360322
223	-452.600678
224	-452.847503
225	-457.100768
226	-460.360446
227	-463.626507
228	-465.898923
229	-469.177667
230	-471.462712
231	-473.754029
232	-475.051591
233	-478.355372
234	-480.665344
235	-482.981482
236	-484.303760
237	-486.632150
238	-487.966628
239	-489.307167
240	-489.653743
241	-493.006330
242	-495.364903
243	-497.729438
244	-499.099910
245	-501.476295
246	-502.858568
247	-504.246706
248	-504.640685
249	-507.040481
250	-508.446071
251	-509.857432
252	-510.274541
253	-511.697374
254	-512.125910
255	-512.560126
256	-512.000000
257	-518.445509
258	-523.896632
259	-529.353347
260	-533.815631
261	-539.283465
262	-543.756826
263	-548.235694
264	-551.720048
265	-557.209866
266	-561.705128
267	-566.205814
268	-569.711903
269	-574.223376
270	-577.740211
271	-581.262390
272	-583.789893
273	-589.322699
274	-593.860791
275	-598.404147
276	-601.952750
277	-606.506580
278	-610.065618
279	-613.629846
280	-616.199245
281	-620.773796
282	-624.353481
283	-627.938283
284	-630.528182
285	-634.123161
286	-636.723202
287	-639.328288
288	-640.938400
289	-646.553522
290	-651.173636
291	-655.798725
292	-659.428771
293	-664.063758
294	-667.703669
295	-671.348488
296	-673.998196
297	-678.652779
298	-682.312219
299	-685.976501
300	-688.645607
301	-692.319523
302	-694.998231
303	-697.681717
304	-699.369964
305	-704.062957
306	-707.760680
307	-711.463118
308	-714.170255
309	-717.882076
310	-720.598566
311	-723.319710
312	-725.045492
313	-728.775899
314	-731.510915
315	-734.250526
316	-735.994716
317	-738.743473
318	-740.496780
319	-742.254624
320	-743.016990
321	-748.783865
322	-753.555235
323	-758.331085
324	-762.111401
325	-766.896170
326	-770.685378
327	-774.479012
328	-777.277058
329	-782.079502
330	-785.886331
331	-789.697532
332	-792.513091
333	-796.332996
334	-799.157234
335	-801.985791
336	-803.818654
337	-808.655811
338	-812.497249
339	-816.342956
340	-819.192918
341	-823.047124
342	-825.905560
343	-828.768215
344	-830.635076
345	-834.506130
346	-837.381367
347	-840.260773
348	-842.144337
349	-845.032046
350	-846.923889
351	-848.819854
352	-849.719930
353	-854.624104
354	-858.532365
355	-862.444701
356	-865.361101
357	-869.281554
358	-872.206048
359	-875.134572
360	-877.067115
361	-881.003665
362	-883.944211
363	-886.888743
364	-888.837249
365	-891.789719
366	-893.746141
367	-895.706505
368	-896.670800
369	-900.639015
370	-903.611140
371	-906.587165
372	-908.567078
373	-911.550869
374	-913.538528
375	-915.530045
376	-916.525408
377	-919.524609
378	-921.527636
379	-923.534480
380	-924.545131
381	-926.559578
382	-927.577812
383	-928.599823
384	-928.625600
385	-934.655135
386	-939.688416
387	-944.725436
388	-948.766183
389	-953.810648
390	-957.858822
391	-961.910696
392	-964.966259
393	-970.025502
394	-974.088417
395	-978.154993
396	-981.225222
397	-985.299093
398	-988.376599
399	-991.457730
400	-993.542476
401	-998.630829
402	-1002.722780
403	-1006.818319
404	-1009.917439
405	-1014.020130
406	-1017.126382
407	-1020.236189
408	-1022.349540
409	-1026.466426
410	-1029.586841
411	-1032.710774
412	-1034.838217
413	-1037.969162
414	-1040.103600
415	-1042.241523
416	-1043.382923
417	-1048.527790
418	-1052.676117
419	-1056.827896
420	-1059.983117
421	-1064.141774
422	-1067.303858
423	-1070.469360
424	-1072.638273
425	-1076.810588
426	-1079.986298
427	-1083.165395
428	-1085.347870
429	-1088.533716
430	-1090.722925
431	-1092.915489
432	-1094.111401
433	-1098.310652
434	-1101.513235
435	-1104.719142
436	-1106.928366
437	-1110.140898
438	-1112.356732
439	-1114.575860
440	-1115.798274
441	-1119.023967
442	-1121.252931
443	-1123.485160
444	-1124.720645
445	-1126.959379
446	-1128.201355
447	-1129.446566
448	-1129.695005
449	-1134.946664
450	-1139.201536
451	-1143.459614
452	-1146.720891
453	-1150.985360
454	-1154.253013
455	-1157.523844
456	-1159.797846
457	-1164.075012
458	-1167.355335
459	-1170.638808
460	-1172.925423
461	-1176.215176
462	-1178.508057
463	-1180.804061
464	-1182.103182
465	-1186.405411
466	-1189.710743
467	-1193.019171
468	-1195.330689
469	-1198.645289
470	-1200.962965
471	-1203.283711
472	-1204.607519
473	-1207.934385
474	-1210.264300
475	-1212.597259
476	-1213.933255
477	-1216.272283
478	-1217.614334
479	-1218.959404
480	-1219.307486
481	-1223.658573
482	-1227.012660
483	-1230.369740
484	-1232.729807
485	-1236.092854
486	-1238.458877
487	-1240.827868
488	-1242.199821
489	-1245.574730
490	-1247.952590
491	-1250.333394
492	-1251.717137
493	-1254.103811
494	-1255.493412
495	-1256.885934
496	-1257.281370
497	-1260.679715
498	-1263.080962
499	-1265.485107
500	-1266.892142
501	-1269.302063
502	-1270.714864
503	-1272.130539
504	-1272.549081
505	-1274.970487
506	-1276.394749
507	-1277.821862
508	-1278.251821
509	-1279.684620
510	-1280.120253
511	-1280.558715
512	-1280.000000
513	-1287.444103
514	-1293.891018
515	-1300.340740
516	-1305.793264
517	-1312.248583
518	-1317.706693
519	-1323.167588
520	-1327.631263
521	-1334.097712
522	-1339.566930
523	-1345.038912
524	-1349.513653
525	-1354.991147
526	-1359.471388
527	-1363.954373
528	-1367.440095
529	-1373.928550
530	-1379.419731
531	-1384.913635
532	-1389.410256
533	-1394.909588
534	-1399.411628
535	-1403.916368
536	-1407.423806
537	-1412.933935
538	-1417.446751
539	-1421.962248
540	-1425.480422
541	-1430.001268
542	-1433.524780
543	-1437.050955
544	-1439.579786
545	-1446.111269
546	-1451.645399
547	-1457.182171
548	-1461.721581
549	-1467.263624
550	-1471.808295
551	-1476.355588
552	-1479.905500
553	-1485.458026
554	-1490.013160
555	-1494.570898
556	-1498.131236
557	-1502.694169
558	-1506.259692
559	-1509.827800
560	-1512.398489
561	-1517.971755
562	-1522.547592
563	-1527.125996
564	-1530.706963
565	-1535.290487
566	-1538.876565
567	-1542.465192
568	-1545.056364
569	-1549.650075
570	-1553.246322
571	-1556.845100
572	-1559.446405
573	-1563.050231
574	-1565.656576
575	-1568.265434
576	-1569.876801
577	-1576.490672
578	-1582.107044
579	-1587.725912
580	-1592.347272
581	-1597.971119
582	-1602.597450
583	-1607.226259
584	-1610.857542
585	-1616.491296
586	-1621.127517
587	-1625.766199
588	-1629.407339
589	-1634.050932
590	-1637.696975
591	-1641.345463
592	-1643.996392
593	-1649.649759
594	-1654.305558
595	-1658.963786
596	-1662.624438
597	-1667.287511
598	-1670.953001
599	-1674.620903
600	-1677.291214
601	-1681.963930
602	-1685.639045
603	-1689.316558
604	-1691.996463
605	-1695.678756
606	-1698.363434
607	-1701.050493
608	-1702.739928
609	-1708.431737
610	-1713.125914
611	-1717.822456
612	-1721.521360
613	-1726.222621
614	-1729.926235
615	-1733.632199
616	-1736.340509
617	-1741.051161
618	-1744.764151
619	-1748.479476
620	-1751.197131
621	-1754.917114
622	-1757.639419
623	-1760.364044
624	-1762.090985
625	-1766.820237
626	-1770.551798
627	-1774.285664
628	-1777.021830
629	-1780.760294
630	-1783.501052
631	-1786.244099
632	-1787.989433
633	-1791.737049
634	-1794.486945
635	-1797.239116
636	-1798.993560
637	-1801.750271
638	-1803.509248
639	-1805.270485
640	-1806.033981
641	-1812.799730
642	-1818.567731
643	-1824.337978
644	-1829.110470
645	-1834.885201
646	-1839.662169
647	-1844.441371
648	-1848.222802
649	-1854.006460
650	-1858.792340
651	-1863.580440
652	-1867.370757
653	-1872.163286
654	-1875.958024
655	-1879.754968
656	-1882.554115
657	-1888.355461
658	-1893.159003
659	-1897.964738
660	-1901.772661
661	-1906.582771
662	-1910.395063
663	-1914.209535
664	-1917.026182
665	-1921.845003
666	-1925.665992
667	-1929.489148
668	-1932.314467
669	-1936.141946
670	-1938.971581
671	-1941.803370
672	-1943.637308
673	-1949.473393
674	-1954.311623
675	-1959.151992
676	-1962.994499
677	-1967.839140
678	-1971.685912
679	-1975.534812
680	-1978.385837
681	-1983.238983
682	-1987.094248
683	-1990.951628
684	-1993.811120
685	-1997.672722
686	-2000.536430
687	-2003.402240
688	-2005.270151
689	-2010.140159
690	-2014.012261
691	-2017.886453
692	-2020.762734
693	-2024.641099
694	-2027.521546
695	-2030.404071
696	-2032.288673
697	-2036.175348
698	-2039.064092
699	-2041.954903
700	-2043.847778
701	-2046.742714
702	-2048.639709
703	-2050.538758
704	-2051.439860
705	-2057.343010
706	-2062.248208
707	-2067.155448
708	-2071.064729
709	-2075.976048
710	-2079.889402
711	-2083.804788
712	-2086.722203
713	-2091.641644
714	-2095.563109
715	-2099.486594
716	-2102.412097
717	-2106.339614
718	-2109.269144
719	-2112.200684
720	-2114.134229
721	-2119.069779
722	-2123.007329
723	-2126.946878
724	-2129.888422
725	-2133.831959
726	-2136.777486
727	-2139.725000
728	-2141.674498
729	-2145.625978
730	-2148.579437
731	-2151.534873
732	-2153.492282
733	-2156.451662
734	-2158.413010
735	-2160.376323
736	-2161.341600
737	-2166.308836
738	-2170.278030
739	-2174.249180
740	-2177.222281
741	-2181.197332
742	-2184.174329
743	-2187.153272
744	-2189.134155
745	-2193.116978
746	-2196.101738
747	-2199.088431
748	-2201.077056
749	-2204.067609
750	-2206.060089
751	-2208.054492
752	-2209.050816
753	-2213.049059
754	-2216.049218
755	-2219.051290
756	-2221.055273
757	-2224.061164
758	-2226.068961
759	-2228.078661
760	-2229.090262
761	-2232.103762
762	-2234.119157
763	-2236.136445
764	-2237.155625
765	-2239.176692
766	-2240.199646
767	-2241.224483
768	-2241.251201
769	-2248.279797
770	-2254.310269
771	-2260.342615
772	-2265.376833
773	-2271.412919
774	-2276.450871
775	-2281.490688
776	-2285.532366
777	-2291.575903
778	-2296.621296
779	-2301.668545
780	-2305.717645
781	-2310.768594
782	-2314.821391
783	-2318.876033
784	-2321.932518
785	-2327.990842
786	-2333.051005
787	-2338.113003
788	-2342.176834
789	-2347.242496
790	-2351.309986
791	-2355.379303
792	-2358.450443
793	-2363.523405
794	-2367.598187
795	-2371.674785
796	-2374.753198
797	-2378.833423
798	-2381.915459
799	-2384.999303
800	-2387.084952
801	-2393.172404
802	-2398.261658
803	-2403.352711
804	-2407.445560
805	-2412.540203
806	-2416.636639
807	-2420.734865
808	-2423.834878
809	-2428.936677
810	-2433.040259
811	-2437.145623
812	-2440.252765
813	-2444.361684
814	-2447.472377
815	-2450.584843
816	-2452.699079
817	-2457.815083
818	-2461.932853
819	-2466.052387
820	-2469.173682
821	-2473.296736
822	-2476.421548
823	-2479.548115
824	-2481.676434
825	-2485.806505
826	-2488.938324
827	-2492.071890
828	-2494.207201
829	-2497.344254
830	-2499.483047
831	-2501.623578
832	-2502.765845
833	-2508.909847
834	-2514.055580
835	-2519.203043
836	-2523.352234
837	-2528.503151
838	-2532.655791
839	-2536.810153
840	-2539.966235
841	-2545.124034
842	-2549.283548
843	-2553.444776
844	-2556.607715
845	-2560.772364
846	-2563.938720
847	-2567.106781
848	-2569.276545
849	-2574.448011
850	-2578.621176
851	-2582.796039
852	-2585.972596
853	-2590.150847
854	-2593.330790
855	-2596.512421
856	-2598.695740
857	-2602.880745
858	-2606.067433
859	-2609.255802
860	-2611.445851
861	-2614.637577
862	-2616.830979
863	-2619.026055
864	-2620.222802
865	-2625.421219
866	-2629.621304
867	-2633.823055
868	-2637.026470
869	-2641.231547
870	-2644.438284
871	-2647.646679
872	-2649.856731
873	-2654.068437
874	-2657.281796
875	-2660.496806
876	-2662.713464
877	-2665.931769
878	-2668.151720
879	-2670.373313
880	-2671.596548
881	-2675.821422
882	-2679.047934
883	-2682.276081
884	-2684.505863
885	-2687.737276
886	-2689.970319
887	-2692.204991
888	-2693.441289
889	-2696.679212
890	-2698.918758
891	-2701.159925
892	-2702.402711
893	-2704.647114
894	-2705.893133
895	-2707.140766
896	-2707.390010
897	-2713.640865
898	-2718.893328
899	-2724.147398
900	-2728.403072
901	-2733.660350
902	-2737.919228
903	-2742.179706
904	-2745.441782
905	-2750.705454
906	-2754.970719
907	-2759.237578
908	-2762.506026
909	-2766.776064
910	-2770.047689
911	-2773.320899
912	-2775.595693
913	-2780.872069
914	-2785.150025
915	-2789.429559
916	-2792.710670
917	-2796.993356
918	-2800.277615
919	-2803.563446
920	-2805.850847
921	-2810.139816
922	-2813.430351
923	-2816.722451
924	-2819.016114
925	-2822.311339
926	-2824.608123
927	-2826.906465
928	-2828.206363
929	-2833.507817
930	-2837.810823
931	-2842.115380
932	-2845.421487
933	-2849.729142
934	-2853.038343
935	-2856.349089
936	-2858.661378
937	-2862.975208
938	-2866.290578
939	-2869.607485
940	-2871.925930
941	-2875.245909
942	-2877.567421
943	-2879.890465
944	-2881.215039
945	-2885.541141
946	-2888.868769
947	-2892.197923
948	-2894.528600
949	-2897.860799
950	-2900.194518
951	-2902.529756
952	-2903.866511
953	-2907.204781
954	-2909.544565
955	-2911.885861
956	-2913.228668
957	-2915.572985
958	-2916.918808
959	-2918.266138
960	-2918.614972
961	-2923.965309
962	-2928.317147
963	-2932.670484
964	-2936.025320
965	-2940.381653
966	-2943.739480
967	-2947.098801
968	-2949.459614
969	-2953.821917
970	-2957.185709
971	-2960.550988
972	-2962.917754
973	-2966.286003
974	-2968.655735
975	-2971.026948
976	-2972.399641
977	-2976.773813
978	-2980.149461
979	-2983.526584
980	-2985.905180
981	-2989.285249
982	-2991.666788
983	-2994.049797
984	-2995.434273
985	-2998.820216
986	-3001.207623
987	-3003.596493
988	-3004.986825
989	-3007.378617
990	-3008.771868
991	-3010.166576
992	-3010.562740
993	-3014.960358
994	-3018.359429
995	-3021.759952
996	-3024.161924
997	-3027.565345
998	-3029.970213
999	-3032.376527
1000	-3033.784285
1001	-3037.193485
1002	-3039.604127
1003	-3042.016208
1004	-3043.429728
1005	-3045.844685
1006	-3047.261077
1007	-3048.678904
1008	-3049.098163
1009	-3052.518853
1010	-3054.940973
1011	-3057.364522
1012	-3058.789498
1013	-3061.215899
1014	-3062.643724
1015	-3064.072972
1016	-3064.503642
1017	-3066.935731
1018	-3068.369239
1019	-3069.804165
1020	-3070.240506
1021	-3071.678261
1022	-3072.117430
1023	-3072.558010
1024	-3072.000000
