N=100
sequence: 1 4 13 40 121 364 1093 3280 9841
sort time: 0.000093s

sequence: 1 2 4 8 16 32 64 128 256 512 1024 2048 4096 8192
sort time: 0.000041s

sequence: 1 8 23 77 281 1073 4193 16577
sort time: 0.000030s


N=1000
sequence: 1 4 13 40 121 364 1093 3280 9841
sort time: 0.000456s

sequence: 1 2 4 8 16 32 64 128 256 512 1024 2048 4096 8192
sort time: 0.000685s

sequence: 1 8 23 77 281 1073 4193 16577
sort time: 0.000426s


N=10000
sequence: 1 4 13 40 121 364 1093 3280 9841
sort time: 0.006304s

sequence: 1 2 4 8 16 32 64 128 256 512 1024 2048 4096 8192
sort time: 0.012453s

sequence: 1 8 23 77 281 1073 4193 16577
sort time: 0.004570s
