N=2
0	 1.000  0.000	 1.000  0.000	
1	-1.000  0.000	 1.000 -0.000

N=3	
0	 1.000  0.000	 1.000  0.000	
1	-0.500  0.866	 1.000 -0.000	
2	-0.500 -0.866	 1.000 -0.000	

N=4
0	 1.000  0.000	 1.000  0.000	
1	 0.000  1.000	 1.000 -0.000	
2	-1.000  0.000	 1.000 -0.000	
3	-0.000 -1.000	 1.000 -0.000	

N=5
0	 1.000  0.000	 1.000  0.000	
1	 0.309  0.951	 1.000 -0.000	
2	-0.809  0.588	 1.000 -0.000	
3	-0.809 -0.588	 1.000 -0.000	
4	 0.309 -0.951	 1.000 -0.000

N=6
0	 1.000  0.000	 1.000  0.000	
1	 0.500  0.866	 1.000 -0.000	
2	-0.500  0.866	 1.000 -0.000	
3	-1.000  0.000	 1.000 -0.000	
4	-0.500 -0.866	 1.000 -0.000	
5	 0.500 -0.866	 1.000  0.000	

N=7
0	 1.000  0.000	 1.000  0.000	
1	 0.623  0.782	 1.000 -0.000	
2	-0.223  0.975	 1.000 -0.000	
3	-0.901  0.434	 1.000 -0.000	
4	-0.901 -0.434	 1.000 -0.000	
5	-0.223 -0.975	 1.000 -0.000	
6	 0.623 -0.782	 1.000 -0.000	

N=8
0	 1.000  0.000	 1.000  0.000	
1	 0.707  0.707	 1.000 -0.000	
2	 0.000  1.000	 1.000 -0.000	
3	-0.707  0.707	 1.000 -0.000	
4	-1.000  0.000	 1.000 -0.000	
5	-0.707 -0.707	 1.000 -0.000	
6	-0.000 -1.000	 1.000 -0.000	
7	 0.707 -0.707	 1.000 -0.000	
