   2	   1
   3	   2
   4	   4
   5	   4
   6	   2
   7	   5
   8	   7
   9	   8
  10	   8
  11	   7
  12	   5
  13	   2
  14	  12
  15	   7
  16	   1
  17	  11
  18	   3
  19	  13
  20	   3
  21	  13
  22	   1
  23	  11
  24	  21
  25	   6
  26	  16
  27	  26
  28	   8
  29	  18
  30	  28
  31	   7
  32	  17
  33	  27
  34	   3
  35	  13
  36	  23
  37	  33
  38	   5
  39	  15
  40	  25
  41	  35
  42	   3
  43	  13
  44	  23
  45	  33
  46	  43
  47	   6
  48	  16
  49	  26
  50	  36
  51	  46
  52	   4
  53	  14
  54	  24
  55	  34
  56	  44
  57	  54
  58	   6
  59	  16
  60	  26
  61	  36
  62	  46
  63	  56
  64	   2
  65	  12
  66	  22
  67	  32
  68	  42
  69	  52
  70	  62
  71	   1
  72	  11
  73	  21
  74	  31
  75	  41
  76	  51
  77	  61
  78	  71
  79	   2
  80	  12
  81	  22
  82	  32
  83	  42
  84	  52
  85	  62
  86	  72
  87	  82
  88	   4
  89	  14
  90	  24
  91	  34
  92	  44
  93	  54
  94	  64
  95	  74
  96	  84
  97	  94
  98	   6
  99	  16
 100	  26
 101	  36
 102	  46
 103	  56
 104	  66
 105	  76
 106	  86
 107	  96
 108	 106
 109	   7
 110	  17
 111	  27
 112	  37
 113	  47
 114	  57
 115	  67
 116	  77
 117	  87
 118	  97
 119	 107
 120	 117
 121	   6
 122	  16
 123	  26
 124	  36
 125	  46
 126	  56
 127	  66
 128	  76
 129	  86
 130	  96
 131	 106
 132	 116
 133	 126
 134	   2
 135	  12
 136	  22
 137	  32
 138	  42
 139	  52
 140	  62
 141	  72
 142	  82
 143	  92
 144	 102
 145	 112
 146	 122
 147	 132
 148	 142
 149	   3
 150	  13
 151	  23
 152	  33
 153	  43
 154	  53
 155	  63
 156	  73
 157	  83
 158	  93
 159	 103
 160	 113
 161	 123
 162	 133
 163	 143
 164	 153
 165	 163
 166	   7
 167	  17
 168	  27
 169	  37
 170	  47
 171	  57
 172	  67
 173	  77
 174	  87
 175	  97
 176	 107
 177	 117
 178	 127
 179	 137
 180	 147
 181	 157
 182	 167
 183	 177
 184	   3
 185	  13
 186	  23
 187	  33
 188	  43
 189	  53
 190	  63
 191	  73
 192	  83
 193	  93
 194	 103
 195	 113
 196	 123
 197	 133
 198	 143
 199	 153
 200	 163
 201	 173
 202	 183
 203	 193
 204	 203
 205	   8
 206	  18
 207	  28
 208	  38
 209	  48
 210	  58
 211	  68
 212	  78
 213	  88
 214	  98
 215	 108
 216	 118
 217	 128
 218	 138
 219	 148
 220	 158
 221	 168
 222	 178
 223	 188
 224	 198
 225	 208
 226	 218
 227	   1
 228	  11
 229	  21
 230	  31
 231	  41
 232	  51
 233	  61
 234	  71
 235	  81
 236	  91
 237	 101
 238	 111
 239	 121
 240	 131
 241	 141
 242	 151
 243	 161
 244	 171
 245	 181
 246	 191
 247	 201
 248	 211
 249	 221
 250	 231
 251	 241
 252	 251
 253	   8
 254	  18
 255	  28
 256	  38
 257	  48
 258	  58
 259	  68
 260	  78
 261	  88
 262	  98
 263	 108
 264	 118
 265	 128
 266	 138
 267	 148
 268	 158
 269	 168
 270	 178
 271	 188
 272	 198
 273	 208
 274	 218
 275	 228
 276	 238
 277	 248
 278	 258
 279	 268
 280	 278
 281	   7
 282	  17
 283	  27
 284	  37
 285	  47
 286	  57
 287	  67
 288	  77
 289	  87
 290	  97
 291	 107
 292	 117
 293	 127
 294	 137
 295	 147
 296	 157
 297	 167
 298	 177
 299	 187
 300	 197
 301	 207
 302	 217
 303	 227
 304	 237
 305	 247
 306	 257
 307	 267
 308	 277
 309	 287
 310	 297
 311	 307
 312	   5
 313	  15
 314	  25
 315	  35
 316	  45
 317	  55
 318	  65
 319	  75
 320	  85
 321	  95
 322	 105
 323	 115
 324	 125
 325	 135
 326	 145
 327	 155
 328	 165
 329	 175
 330	 185
 331	 195
 332	 205
 333	 215
 334	 225
 335	 235
 336	 245
 337	 255
 338	 265
 339	 275
 340	 285
 341	 295
 342	 305
 343	 315
 344	 325
 345	 335
 346	 345
 347	   8
 348	  18
 349	  28
 350	  38
 351	  48
 352	  58
 353	  68
 354	  78
 355	  88
 356	  98
 357	 108
 358	 118
 359	 128
 360	 138
 361	 148
 362	 158
 363	 168
 364	 178
 365	 188
 366	 198
 367	 208
 368	 218
 369	 228
 370	 238
 371	 248
 372	 258
 373	 268
 374	 278
 375	 288
 376	 298
 377	 308
 378	 318
 379	 328
 380	 338
 381	 348
 382	 358
 383	 368
 384	 378
 385	   3
 386	  13
 387	  23
 388	  33
 389	  43
 390	  53
 391	  63
 392	  73
 393	  83
 394	  93
 395	 103
 396	 113
 397	 123
 398	 133
 399	 143
 400	 153
 401	 163
 402	 173
 403	 183
 404	 193
 405	 203
 406	 213
 407	 223
 408	 233
 409	 243
 410	 253
 411	 263
 412	 273
 413	 283
 414	 293
 415	 303
 416	 313
 417	 323
 418	 333
 419	 343
 420	 353
 421	 363
 422	 373
 423	 383
 424	 393
 425	 403
 426	 413
 427	 423
 428	   5
 429	  15
 430	  25
 431	  35
 432	  45
 433	  55
 434	  65
 435	  75
 436	  85
 437	  95
 438	 105
 439	 115
 440	 125
 441	 135
 442	 145
 443	 155
 444	 165
 445	 175
 446	 185
 447	 195
 448	 205
 449	 215
 450	 225
 451	 235
 452	 245
 453	 255
 454	 265
 455	 275
 456	 285
 457	 295
 458	 305
 459	 315
 460	 325
 461	 335
 462	 345
 463	 355
 464	 365
 465	 375
 466	 385
 467	 395
 468	 405
 469	 415
 470	 425
 471	 435
 472	 445
 473	 455
 474	 465
 475	 475
 476	   9
 477	  19
 478	  29
 479	  39
 480	  49
 481	  59
 482	  69
 483	  79
 484	  89
 485	  99
 486	 109
 487	 119
 488	 129
 489	 139
 490	 149
 491	 159
 492	 169
 493	 179
 494	 189
 495	 199
 496	 209
 497	 219
 498	 229
 499	 239
 500	 249
 501	 259
 502	 269
 503	 279
 504	 289
 505	 299
 506	 309
 507	 319
 508	 329
 509	 339
 510	 349
 511	 359
 512	 369
 513	 379
 514	 389
 515	 399
 516	 409
 517	 419
 518	 429
 519	 439
 520	 449
 521	 459
 522	 469
 523	 479
 524	 489
 525	 499
 526	 509
 527	 519
 528	   1
 529	  11
 530	  21
 531	  31
 532	  41
 533	  51
 534	  61
 535	  71
 536	  81
 537	  91
 538	 101
 539	 111
 540	 121
 541	 131
 542	 141
 543	 151
 544	 161
 545	 171
 546	 181
 547	 191
 548	 201
 549	 211
 550	 221
 551	 231
 552	 241
 553	 251
 554	 261
 555	 271
 556	 281
 557	 291
 558	 301
 559	 311
 560	 321
 561	 331
 562	 341
 563	 351
 564	 361
 565	 371
 566	 381
 567	 391
 568	 401
 569	 411
 570	 421
 571	 431
 572	 441
 573	 451
 574	 461
 575	 471
 576	 481
 577	 491
 578	 501
 579	 511
 580	 521
 581	 531
 582	 541
 583	 551
 584	 561
 585	 571
 586	 581
 587	   4
 588	  14
 589	  24
 590	  34
 591	  44
 592	  54
 593	  64
 594	  74
 595	  84
 596	  94
 597	 104
 598	 114
 599	 124
 600	 134
 601	 144
 602	 154
 603	 164
 604	 174
 605	 184
 606	 194
 607	 204
 608	 214
 609	 224
 610	 234
 611	 244
 612	 254
 613	 264
 614	 274
 615	 284
 616	 294
 617	 304
 618	 314
 619	 324
 620	 334
 621	 344
 622	 354
 623	 364
 624	 374
 625	 384
 626	 394
 627	 404
 628	 414
 629	 424
 630	 434
 631	 444
 632	 454
 633	 464
 634	 474
 635	 484
 636	 494
 637	 504
 638	 514
 639	 524
 640	 534
 641	 544
 642	 554
 643	 564
 644	 574
 645	 584
 646	 594
 647	 604
 648	 614
 649	 624
 650	 634
 651	 644
 652	   2
 653	  12
 654	  22
 655	  32
 656	  42
 657	  52
 658	  62
 659	  72
 660	  82
 661	  92
 662	 102
 663	 112
 664	 122
 665	 132
 666	 142
 667	 152
 668	 162
 669	 172
 670	 182
 671	 192
 672	 202
 673	 212
 674	 222
 675	 232
 676	 242
 677	 252
 678	 262
 679	 272
 680	 282
 681	 292
 682	 302
 683	 312
 684	 322
 685	 332
 686	 342
 687	 352
 688	 362
 689	 372
 690	 382
 691	 392
 692	 402
 693	 412
 694	 422
 695	 432
 696	 442
 697	 452
 698	 462
 699	 472
 700	 482
 701	 492
 702	 502
 703	 512
 704	 522
 705	 532
 706	 542
 707	 552
 708	 562
 709	 572
 710	 582
 711	 592
 712	 602
 713	 612
 714	 622
 715	 632
 716	 642
 717	 652
 718	 662
 719	 672
 720	 682
 721	 692
 722	 702
 723	 712
 724	 722
 725	   7
 726	  17
 727	  27
 728	  37
 729	  47
 730	  57
 731	  67
 732	  77
 733	  87
 734	  97
 735	 107
 736	 117
 737	 127
 738	 137
 739	 147
 740	 157
 741	 167
 742	 177
 743	 187
 744	 197
 745	 207
 746	 217
 747	 227
 748	 237
 749	 247
 750	 257
 751	 267
 752	 277
 753	 287
 754	 297
 755	 307
 756	 317
 757	 327
 758	 337
 759	 347
 760	 357
 761	 367
 762	 377
 763	 387
 764	 397
 765	 407
 766	 417
 767	 427
 768	 437
 769	 447
 770	 457
 771	 467
 772	 477
 773	 487
 774	 497
 775	 507
 776	 517
 777	 527
 778	 537
 779	 547
 780	 557
 781	 567
 782	 577
 783	 587
 784	 597
 785	 607
 786	 617
 787	 627
 788	 637
 789	 647
 790	 657
 791	 667
 792	 677
 793	 687
 794	 697
 795	 707
 796	 717
 797	 727
 798	 737
 799	 747
 800	 757
 801	 767
 802	 777
 803	 787
 804	 797
 805	   2
 806	  12
 807	  22
 808	  32
 809	  42
 810	  52
 811	  62
 812	  72
 813	  82
 814	  92
 815	 102
 816	 112
 817	 122
 818	 132
 819	 142
 820	 152
 821	 162
 822	 172
 823	 182
 824	 192
 825	 202
 826	 212
 827	 222
 828	 232
 829	 242
 830	 252
 831	 262
 832	 272
 833	 282
 834	 292
 835	 302
 836	 312
 837	 322
 838	 332
 839	 342
 840	 352
 841	 362
 842	 372
 843	 382
 844	 392
 845	 402
 846	 412
 847	 422
 848	 432
 849	 442
 850	 452
 851	 462
 852	 472
 853	 482
 854	 492
 855	 502
 856	 512
 857	 522
 858	 532
 859	 542
 860	 552
 861	 562
 862	 572
 863	 582
 864	 592
 865	 602
 866	 612
 867	 622
 868	 632
 869	 642
 870	 652
 871	 662
 872	 672
 873	 682
 874	 692
 875	 702
 876	 712
 877	 722
 878	 732
 879	 742
 880	 752
 881	 762
 882	 772
 883	 782
 884	 792
 885	 802
 886	 812
 887	 822
 888	 832
 889	 842
 890	 852
 891	 862
 892	 872
 893	 882
 894	 892
 895	   7
 896	  17
 897	  27
 898	  37
 899	  47
 900	  57
 901	  67
 902	  77
 903	  87
 904	  97
 905	 107
 906	 117
 907	 127
 908	 137
 909	 147
 910	 157
 911	 167
 912	 177
 913	 187
 914	 197
 915	 207
 916	 217
 917	 227
 918	 237
 919	 247
 920	 257
 921	 267
 922	 277
 923	 287
 924	 297
 925	 307
 926	 317
 927	 327
 928	 337
 929	 347
 930	 357
 931	 367
 932	 377
 933	 387
 934	 397
 935	 407
 936	 417
 937	 427
 938	 437
 939	 447
 940	 457
 941	 467
 942	 477
 943	 487
 944	 497
 945	 507
 946	 517
 947	 527
 948	 537
 949	 547
 950	 557
 951	 567
 952	 577
 953	 587
 954	 597
 955	 607
 956	 617
 957	 627
 958	 637
 959	 647
 960	 657
 961	 667
 962	 677
 963	 687
 964	 697
 965	 707
 966	 717
 967	 727
 968	 737
 969	 747
 970	 757
 971	 767
 972	 777
 973	 787
 974	 797
 975	 807
 976	 817
 977	 827
 978	 837
 979	 847
 980	 857
 981	 867
 982	 877
 983	 887
 984	 897
 985	 907
 986	 917
 987	 927
 988	 937
 989	 947
 990	 957
 991	 967
 992	 977
 993	 987
 994	   3
 995	  13
 996	  23
 997	  33
 998	  43
 999	  53
1000	  63
